Run semi-empirical minimization
 &qmmm
    qm_theory='AM1', grms_tol=0.0005,
 scfconv=1.d-10, ndiis_attempts=700,   qmcharge=0,
 /
  17   Cl1        3.4770        3.6620        0.0080 
   8    O1        0.7000       -0.7180        0.0080 
   8    O2       -2.4100       -2.3890       -0.0010 
   7    N1       -1.9220       -0.0900        0.0260 
   7    N2       -5.5930        0.1410       -0.0310 
   6    C1        1.9420       -1.2630       -0.0010 
   6    C2        3.0280       -0.3130       -0.0040 
   6    C3       -0.1740       -1.7590        0.0100 
   6    C4        1.8790       -2.6320       -0.0050 
   6    C5        0.5010       -2.9570        0.0030 
   6    C6        2.7580        1.0550        0.0020 
   6    C7        4.3480       -0.7640       -0.0120 
   6    C8       -1.5650       -1.4590        0.0200 
   6    C9       -3.2030        0.4690        0.0110 
   6   C10        3.8090        1.9730       -0.0000 
   6   C11        5.3980        0.1530       -0.0150 
   6   C12        5.1290        1.5220       -0.0090 
   6   C13       -3.3780        1.8460        0.0200 
   6   C14       -4.3280       -0.3350       -0.0140 
   6   C15       -4.6650        2.3730        0.0040 
   6   C16       -5.7290        1.4860       -0.0210 
   1    H1        2.7070       -3.3270       -0.0120 
   1    H2        0.0620       -3.9450        0.0030 
   1    H3        1.7370        1.4320        0.0090 
   1    H4        4.5900       -1.8240       -0.0170 
   1    H5       -1.1550        0.5800        0.0400 
   1    H6        6.4260       -0.1970       -0.0210 
   1    H7        5.9570        2.2250       -0.0100 
   1    H8       -2.5250        2.5180        0.0400 
   1    H9       -4.3210       -1.4140       -0.0240 
   1   H10       -4.8300        3.4440        0.0100 
   1   H11       -6.7520        1.8470       -0.0350 

