Run semi-empirical minimization
 &qmmm
  maxcyc=5000,ndiis_attempts=1000,scfconv=1.d-6,damp=0.5  qmcharge=-4,
 /
  15    PG      438.3650      391.2630      374.3730 
   8   O1G      437.9350      390.5330      373.1240 
   8   O2G      438.2570      392.7520      374.1520 
   8   O3G      439.7930      390.9060      374.7080 
   8   O3B      437.3990      390.8260      375.5850 
  15    PB      437.0540      389.2730      375.8330 
   8   O1B      436.4150      388.6770      374.6020 
   8   O2B      436.1580      389.1190      377.0380 
   8   O3A      438.4820      388.5810      376.1030 
  15    PA      438.5450      387.1460      376.8300 
   8   O1A      437.3820      386.2980      376.3740 
   8   O2A      438.5390      387.3120      378.3290 
   8   O5'      439.9240      386.5030      376.2960 
   6   C5'      440.1340      385.1070      376.2750 
   6   C4'      440.6040      384.6070      377.6350 
   8   O4'      439.5530      384.7380      378.5680 
   6   C3'      440.9720      383.1340      377.6010 
   8   O3'      442.3710      382.9740      377.6030 
   6   C2'      440.3800      382.5470      378.8660 
   8   O2'      441.4050      382.2130      379.7720 
   6   C1'      439.4920      383.6350      379.4480 
   7    N9      438.0980      383.1600      379.5120 
   6    C8      437.0800      383.5360      378.6750 
   7    N7      435.9510      382.8980      379.0580 
   6    C5      436.2330      382.1290      380.1320 
   6    C6      435.4490      381.2850      380.9070 
   8    O6      434.2560      381.1400      380.6480 
   7    N1      436.0150      380.6100      381.9690 
   6    C2      437.3560      380.7790      382.2520 
   7    N2      437.9030      380.1290      383.2760 
   7    N3      438.1290      381.6210      381.4770 
   6    C4      437.5780      382.2860      380.4330 

